nodes as id, x, y
0 67.041097 72.444924
1 51.249376 43.473350
2 79.278816 47.134509
3 45.126555 48.086487
4 47.768539 37.152343
5 67.087356 77.055927
6 76.604815 49.182486
7 76.389264 72.028622
8 59.189291 59.079376
9 46.818269 56.111741
10 64.454015 43.895728
11 54.629920 47.185711
12 40.547320 36.859704
13 54.145044 45.291045
14 65.875942 53.911523
15 52.564383 38.030537
16 76.363082 74.803826
17 58.923747 48.017607
18 41.406980 79.600377
19 54.754796 39.803135
20 72.565913 73.683157
21 53.756021 54.447722
22 77.681565 69.278471
23 57.752403 56.129397
24 43.023763 76.618661
25 39.342931 51.444723
26 79.388829 40.704677
27 61.009751 79.602170
28 41.682463 36.771369
29 68.607382 44.556552
30 54.122778 49.251674
31 57.810931 35.267170
32 38.212236 67.600941
33 70.803927 79.217742
34 64.071599 67.126426
35 49.058496 67.634863
36 37.418329 53.632917
37 73.415169 42.396290
38 41.787314 37.929998
39 45.059843 46.915990
40 78.316874 51.667643
41 64.175682 60.636155
42 61.830252 76.674565
43 42.506849 75.482433
44 59.864296 79.248918
45 65.901632 56.964966
46 42.199644 53.945344
47 65.998563 76.653714
48 45.901601 68.352075
49 74.160736 62.657485
50 36.604148 71.583191
51 47.797524 47.754498
52 66.437662 41.036756
53 53.232834 41.491857
54 41.011612 40.596242
55 44.586630 59.790406
56 41.817454 72.844458
57 58.238377 74.389532
58 53.279459 61.113188
59 38.163849 51.606162
60 41.426929 39.053350
61 38.150124 61.851930
62 64.436606 61.778578
63 65.555162 79.542961
64 70.659310 68.210453
65 37.481102 54.783671
66 56.241354 73.707851
67 68.623390 72.873153
68 45.291335 74.943465
69 64.749271 56.737015
70 67.754633 52.773518
71 71.088090 61.920964
72 61.715013 80.570838
73 68.039787 50.230261
74 67.022884 53.684733
75 41.853409 68.702502
76 49.385199 37.793919
77 70.906947 47.320648
78 50.217486 48.277253
79 65.959518 48.395115
80 79.603805 39.535103
81 53.876152 48.090385
82 41.877551 55.086342
83 48.982768 75.744869
84 70.922873 59.609789
85 50.531421 56.511137
86 78.117899 36.360120
87 78.605589 72.114438
88 36.886107 56.708601
89 56.770150 39.108677
90 65.656630 51.185980
91 78.323724 75.808167
92 69.960701 64.407883
93 77.051901 66.406311
94 69.755068 79.671486
95 56.103484 54.589119
96 68.202956 76.620547
97 73.273418 64.656337
98 36.649392 55.584768
99 65.946479 69.548469
100 69.398577 57.887065
101 40.813794 49.248448
102 79.492373 63.970187
103 74.108912 52.326117
104 60.703816 53.022840
105 54.165376 65.219957
106 68.028055 46.784269
107 70.861099 42.776357
108 58.357742 57.116858
109 64.656589 62.928358
110 55.017358 46.076308
111 38.246938 52.787587
112 59.046013 37.353855
113 64.949950 59.769996
114 74.751368 44.577727
115 39.549755 60.116356
116 73.126526 62.076595
117 37.874133 69.880818
118 75.307703 45.593206
119 66.925254 47.698482
120 39.946758 64.019757
121 79.709879 38.084239
122 79.262561 62.862886
123 76.486557 35.687415
124 67.426067 65.328957
125 38.065669 75.387784
126 52.831764 47.593186
127 49.871785 78.358479
128 66.030740 39.928351
129 35.387554 72.276462
130 64.183857 71.691984
131 74.504794 54.924144
132 77.598474 35.341843
133 39.768985 44.289155
134 51.669950 49.436656
135 65.564263 75.546734
136 47.762455 56.760614
137 47.031436 62.817370
138 69.392519 76.583223
139 40.320584 79.238575
140 50.139164 67.212049
141 45.634522 56.192102
142 61.100443 50.383830
143 43.691243 39.293883
144 72.133866 61.455440
145 43.301210 53.558188
146 65.296062 40.874122
147 73.355942 41.225030
148 79.165540 41.851387
149 78.147223 37.509448
150 73.025063 60.769566
151 55.291806 51.101304
152 72.400266 80.841720
153 49.522367 66.200435
154 43.986741 40.436097
155 76.428722 79.736229
156 71.217133 60.745015
157 63.802709 79.568177
158 62.201027 38.261122
159 73.524212 35.642594
160 65.526158 43.358687
161 48.795604 65.266895
162 70.383259 48.367657
163 60.066511 66.298121
164 47.945838 57.890132
166 60.829006 63.223202
167 39.052038 81.046670
168 62.274753 58.854945
169 35.693236 51.569221
170 63.579796 53.255619
171 48.878614 36.708678
172 63.975712 73.130280
173 59.914561 36.596356
174 52.362791 66.343144
175 54.245119 35.553684
176 65.258047 47.445823
177 53.543914 66.201833
178 76.977518 40.092380
179 64.271513 41.445144
180 39.648117 58.923978
181 58.295243 58.283294
182 53.442023 53.344320
183 42.702786 38.660439
184 60.234720 74.986600
185 65.005279 42.324697
186 55.263767 44.928221
187 37.002405 75.875622
188 58.982834 41.203156
189 52.535322 80.646283
190 41.942592 57.334544
191 74.794019 38.610900
192 60.930254 70.097057
193 63.501842 62.753268
194 58.009026 53.338516
195 50.668789 47.208699
196 56.961346 36.045012
197 79.571030 48.236129
198 49.930679 65.070055
199 69.206974 42.180172
200 51.153185 76.522922
201 77.255851 61.269116
202 63.099528 64.953190
203 44.837770 57.036399
204 54.712339 66.278917
205 46.523174 41.103914
206 39.310429 61.626552
207 57.419379 73.554751
208 49.954440 40.349831
209 68.075087 47.946958
210 46.798550 80.564529
211 74.660842 66.862212
212 39.707466 73.236683
213 76.910266 77.557562
214 36.501768 76.895508
215 67.867357 80.628994
216 47.636337 43.055001
217 42.385844 69.769566
218 61.586157 72.815361
219 55.442651 72.845682
220 77.683737 58.693027
221 69.390302 63.371529
222 46.808470 43.883180
223 80.434139 47.422854
224 61.992208 65.212174
225 69.723331 44.800040
226 77.496988 72.297917
227 36.592857 79.481902
228 65.023033 46.275573
229 77.030430 62.616026
230 63.344118 70.858444
231 57.833280 61.083182
232 69.557119 65.501169
233 44.790193 63.278466
234 53.697780 44.205180
235 46.649258 36.628036
236 54.234906 50.427171
237 69.773654 43.220312
238 48.916594 70.411132
239 58.047202 41.932907
240 39.745343 46.431492
241 47.902739 73.872054
242 79.163931 45.994493
243 47.459191 79.575932
244 75.646883 37.790222
245 66.177394 42.358429
246 72.060045 62.620275
247 39.857172 74.420585
248 75.738042 36.611868
249 44.249975 38.269337
250 66.626466 52.091403
251 51.239157 62.670713
252 68.144892 67.889059
253 58.716885 80.804316
254 43.375654 59.369103
255 54.005388 62.221257
256 50.381872 45.754389
257 69.800918 36.590710
258 58.609595 62.145925
259 56.864315 79.097280
260 78.222206 66.880438
261 62.232209 60.138250
262 72.250795 35.775316
263 68.212140 57.394975
264 70.766884 69.483827
265 78.228404 54.248947
266 77.426909 80.617587
267 35.374638 55.425616
268 41.138790 69.817810
269 53.523223 40.236621
270 55.295233 36.962044
271 51.617049 48.121210
272 67.108776 56.439185
273 66.129885 77.954658
274 79.567515 53.978809
275 51.109226 39.890249
276 35.323959 77.416294
277 53.137783 67.392072
278 73.519415 68.809780
279 58.882644 64.902823
280 56.683670 53.409494
281 47.113758 48.849984
282 73.100730 63.387250
283 40.301750 68.726242
284 37.859505 72.625972
285 61.631348 62.177200
286 38.312452 60.567304
287 45.164311 60.920756
288 74.899286 43.268025
289 79.609548 66.946329
290 54.858223 43.712998
291 38.620294 66.391614
292 72.012877 74.819703
293 50.857334 41.312341
294 40.754435 59.573438
295 43.384533 68.990775
296 35.487755 41.844791
297 69.594014 73.729188
298 43.713588 60.742635
299 66.928143 61.052542
300 56.670219 64.061957
301 51.067433 50.782155
302 58.039367 70.868515
303 43.492196 63.249666
304 62.227554 70.148056
305 75.701222 77.108030
306 36.523738 78.162799
307 70.652530 49.655003
308 58.160256 36.496466
309 78.287072 40.013498
310 40.655340 72.317539
311 79.302574 36.858143
312 68.491722 43.295168
313 65.753898 49.704068
314 61.446934 68.934673
315 55.687018 57.352094
316 54.314940 77.091339
317 70.034165 56.775108
318 63.844703 55.798371
319 39.832131 41.084076
320 71.966370 43.406789
322 57.027470 76.521232
323 77.640790 74.690694
324 36.995371 47.870701
325 80.752546 56.437072
326 47.793601 75.173938
327 74.076543 65.695866
328 50.395506 49.526467
329 69.949442 60.492021
330 46.815730 65.299851
331 80.736250 38.850256
332 51.054783 77.828126
333 55.357562 61.775231
334 57.196944 42.931308
335 44.341746 55.809313
336 60.985161 73.933004
337 36.241796 49.022561
338 41.026009 78.175053
339 76.066679 78.503652
340 38.644761 50.375717
341 57.672702 47.802756
342 54.310458 56.988425
343 50.403775 79.522347
344 36.507778 72.853657
345 39.859197 56.445652
346 71.474252 78.107504
347 75.807977 55.021237
348 37.834695 71.173693
349 72.867046 57.148511
350 49.345394 54.056150
351 75.996211 61.052036
352 75.113594 79.553271
353 57.388681 52.187216
354 55.124149 48.388553
355 80.854417 75.263852
356 51.928816 36.796485
357 49.371628 71.593387
358 79.606868 72.957424
359 60.680044 56.170288
360 49.048368 74.470850
361 57.549578 77.851336
362 36.286268 54.320722
363 62.578960 45.899596
364 63.932875 63.984270
365 74.738072 68.181153
366 55.334693 49.785243
367 35.441213 71.007092
368 59.105540 67.767933
369 79.488434 51.146137
370 40.364159 70.945481
371 55.780894 42.684529
372 40.118478 50.370853
373 52.849681 45.149937
374 36.675171 70.283617
375 51.487308 69.387869
376 76.971161 36.913193
377 72.706281 58.548110
378 51.833657 70.774574
379 56.521525 41.519169
380 69.985595 53.992758
381 53.555317 46.461948
382 42.226740 74.187972
383 72.174402 59.839475
384 79.541411 57.129848
385 52.405729 39.340149
386 68.494854 79.496688
387 52.482523 43.757087
388 80.789453 53.320269
389 43.174947 54.812368
390 40.904767 73.712238
391 58.795227 66.356072
392 79.583532 61.635598
393 52.853243 48.901958
394 63.842183 35.524921
395 69.147197 80.797098
396 51.104051 64.527346
397 42.803965 64.656526
398 72.007864 64.315867
399 47.449672 45.009196
400 53.766541 63.999452
401 48.059726 80.746483
402 72.633343 37.157824
403 69.629988 70.406873
404 50.311090 42.618369
405 59.840971 38.316709
406 80.625444 79.373964
407 56.008267 40.165437
408 45.360350 65.292217
409 73.652099 59.636806
410 39.067984 70.382464
411 57.999492 63.741105
412 78.617038 38.689394
413 78.229815 73.371083
414 68.942564 45.839134
415 52.184562 40.782399
416 48.913454 42.779730
417 71.223413 36.877463
418 39.535016 52.717473
419 65.362445 64.034299
420 46.178286 79.392747
421 67.949312 51.504393
422 41.903518 46.741315
423 44.811489 42.735504
424 77.412449 65.149289
425 74.721747 78.104550
426 74.411497 69.896346
427 46.089055 70.828850
428 48.652674 77.973147
429 53.152000 57.868551
430 43.480415 70.442059
431 79.552219 44.768799
432 51.803322 58.494322
433 41.259598 56.262018
434 61.024744 60.913408
435 65.472267 60.942622
436 67.225831 54.981663
437 80.727831 57.895121
438 60.161633 51.269141
439 79.439334 52.569320
440 61.347818 66.310865
441 76.028107 40.965631
442 39.537398 67.497247
443 44.260211 62.057923
444 70.744044 44.076842
445 75.196980 72.452823
446 63.482170 69.572185
447 75.341571 51.892302
448 45.886909 59.673939
449 66.265083 46.596601
450 78.228245 62.106142
451 56.226164 44.023914
452 52.835950 65.123034
453 49.836817 55.404018
454 68.437213 66.067642
455 80.707868 51.918635
456 69.210649 50.778374
457 51.175647 35.503682
458 52.597313 62.216945
459 69.758667 59.100996
460 60.293776 72.529071
461 66.819418 50.642300
462 75.676763 39.583633
463 72.861884 77.786193
464 56.446802 45.436524
465 52.445978 54.199678
466 35.576999 58.805789
467 75.120663 46.881062
468 80.882691 61.202511
469 78.042219 46.706619
470 37.135439 37.902478
471 39.292193 36.682880
472 38.374809 59.148481
473 49.656553 39.081291
474 57.113374 57.334723
475 44.234347 64.444626
476 40.491316 38.115930
477 41.735001 76.538187
478 50.526087 57.826628
479 48.443378 44.051573
480 80.749446 73.842866
481 61.519120 75.262178
482 77.358968 68.022086
483 47.156694 67.984796
484 47.149635 52.078314
485 67.473625 40.219720
486 78.055347 52.899730
487 70.266595 55.379546
488 49.409872 41.493673
489 62.428278 35.282894
490 73.417535 49.250447
491 47.631040 46.449000
492 60.184925 62.079600
493 37.861307 36.700626
494 42.357308 77.753635
495 60.178655 48.205489
496 72.125214 46.802786
497 40.387070 76.899672
498 51.451032 44.775186
499 36.306290 36.772813
500 71.149297 73.485519
501 66.364903 59.613377
502 75.228557 59.654606
503 73.305452 53.737189
504 67.206216 49.101434
505 46.404013 47.483153
506 71.522387 56.307398
507 68.436451 54.026424
508 75.594087 62.532746
509 62.264570 56.008121
510 51.195112 80.821238
511 62.406425 79.320739
512 66.414133 36.927865
513 56.368588 55.974197
514 62.918565 54.542867
515 60.641849 67.632732
516 35.260247 78.983224
517 38.810600 68.864582
518 80.842047 50.406869
519 71.121755 70.905080
520 56.062891 66.783512
521 76.451370 63.943869
522 38.613619 35.329188
523 55.179050 71.422462
524 49.583440 80.869182
525 50.337638 36.764791
526 64.503700 54.311877
527 60.922323 35.584042
528 38.900718 63.027939
529 46.327011 42.516559
530 57.539359 54.718159
531 72.032664 68.580172
532 53.033900 73.960357
533 42.003182 63.292221
534 64.409645 50.506149
535 80.803276 54.890124
536 74.021204 76.737382
537 42.024734 66.043296
538 63.986249 45.273428
539 75.168081 74.016955
540 49.996703 44.177330
541 67.279280 35.507168
542 79.383645 78.458958
543 68.966640 40.746514
544 52.428119 72.370691
545 65.492606 66.984531
546 58.763456 43.200149
547 68.453318 60.862910
548 45.773318 62.285838
549 66.954660 43.593987
550 72.536911 65.813043
551 55.366709 79.415830
552 61.627415 51.678605
553 73.361424 38.580320
554 76.778012 53.774261
555 46.746648 69.483402
556 51.397505 55.372089
557 54.859116 55.354942
558 47.958387 76.695731
559 36.883525 61.242542
560 67.574560 73.785246
561 70.674136 51.225892
562 77.324858 55.410714
563 39.440345 78.106055
564 63.009060 61.447165
565 75.270922 75.667374
566 43.686884 74.654325
567 40.441334 54.991058
568 63.616581 42.737832
569 36.901089 52.334966
570 48.890423 45.472030
571 49.165606 56.847137
572 37.811686 49.084500
573 59.160564 55.951928
574 39.413778 49.017820
575 66.072048 65.419092
576 42.575131 45.326252
577 36.999297 35.398340
578 55.586800 65.156090
579 59.447685 63.435150
580 45.133125 41.268683
581 58.202906 49.262314
582 51.856235 56.992174
583 77.681407 43.267558
584 56.348206 68.479208
585 41.034749 75.231002
586 70.116144 38.010018
587 72.142325 79.487800
588 74.686609 41.715765
589 69.391506 47.322878
590 76.003425 67.365562
591 76.197501 42.502470
592 47.337180 59.163889
593 64.553263 48.725393
594 76.390766 47.765274
595 47.517915 53.617135
596 39.181778 71.923369
597 64.685827 80.684573
598 41.990831 58.719910
599 42.797514 56.197020
600 57.614997 67.374620
601 70.821567 63.308959
602 56.580984 48.868394
603 65.216436 38.738582
604 54.051378 72.652430
605 50.900844 53.801410
606 39.413632 75.753131
607 47.613501 70.938866
608 47.134186 78.167084
609 67.109058 66.731484
610 66.819527 57.997056
611 80.860389 48.771024
612 64.152240 40.029844
613 40.735455 51.761583
614 37.850573 78.757288
615 40.499630 62.701553
616 41.223681 64.614353
617 44.658854 79.279338
618 74.198957 40.062395
619 54.560277 60.463379
620 79.740589 71.382050
621 57.278738 80.586027
622 76.682044 73.430052
623 53.816760 38.718499
624 66.927860 64.007232
625 47.827336 41.654106
626 68.898772 35.389762
627 48.568469 40.181648
628 59.828050 49.719390
629 64.772065 70.396441
630 70.828214 76.757770
631 64.650871 78.429717
632 73.276913 67.294670
633 70.455918 41.458578
634 49.664607 73.112612
635 60.021684 42.125523
636 58.400866 79.318715
637 73.821732 73.108867
638 36.843574 41.007673
639 46.088322 63.921112
640 35.458509 62.054704
641 80.693546 62.735686
642 45.693956 49.415410
643 42.100939 80.854424
644 42.700490 61.880612
645 79.315821 43.258151
646 76.902588 59.859806
647 78.237534 77.228049
648 36.865965 64.808561
649 44.584948 54.243237
650 65.985794 74.169824
651 39.047018 79.721204
652 70.942028 65.446477
653 62.948806 75.807020
654 50.319901 70.357137
655 62.859021 66.353520
656 70.477849 45.997336
657 73.649615 79.097910
658 40.586888 57.824133
659 79.373077 49.618318
660 45.424043 80.772610
661 80.757819 80.872217
662 48.192420 38.548475
663 56.970404 74.944666
664 69.368840 68.853012
665 40.440044 80.680171
666 54.854074 74.155567
667 45.948911 53.027531
668 63.610770 38.428621
669 40.075491 39.548856
670 59.879715 69.130548
671 71.023575 52.831982
672 43.868234 77.816124
673 48.164035 72.502120
674 61.083476 37.361390
675 80.813948 64.373031
676 63.083493 80.830145
677 51.832781 60.902089
678 72.413037 76.301353
679 74.589642 56.355512
680 76.181187 56.522961
681 53.666649 42.781312
682 49.162672 58.544919
683 59.487857 73.854449
684 55.441526 38.551245
685 49.776478 76.918918
686 68.535302 64.480294
687 71.473449 67.039002
688 45.408942 44.116203
689 59.563938 39.891444
690 66.559020 68.272543
691 38.485319 43.643417
692 56.462640 58.723878
693 69.695277 62.002612
694 61.396691 71.429614
695 72.069863 41.868460
696 62.541177 39.654307
697 62.159962 53.128000
698 41.627416 41.875941
699 63.338733 51.863719
700 79.052856 35.325693
701 59.251594 44.915799
702 40.641044 61.086165
703 52.008762 75.382822
704 36.835774 39.353612
705 41.111094 67.451391
706 76.590492 46.136269
707 57.876659 59.635556
708 50.100638 68.664086
709 42.752955 67.558023
710 42.148877 60.347998
711 50.347886 75.318180
712 75.934283 50.473953
713 76.925965 76.118156
714 71.707756 38.389604
715 78.087789 63.698902
716 78.893241 70.068302
717 36.914314 59.628791
718 47.002096 39.794323
719 57.667591 44.434498
720 43.786531 80.769214
721 59.320536 52.558804
722 80.774659 40.369262
723 61.382619 49.030918
724 48.865713 79.419803
725 74.001284 71.441036
726 50.969037 66.050873
727 62.906236 48.522448
728 52.329929 63.692439
729 76.879908 51.905116
730 59.239171 35.369129
731 35.422161 60.369420
732 50.462327 52.200694
733 44.966589 58.462854
734 50.853544 71.966133
735 62.899718 41.221235
736 68.037410 78.036465
737 38.531350 74.021534
738 45.530433 77.762884
739 75.549606 70.906839
740 38.907634 57.697377
741 40.912837 53.404890
742 80.706715 35.433057
743 62.872042 72.206127
744 46.547054 74.260030
745 66.958293 79.264306
746 63.594471 59.319248
747 37.248028 58.040545
748 60.401134 43.718268
749 61.052388 39.068775
750 42.408416 52.294831
751 70.709299 35.255964
752 75.073403 53.510140
753 50.147525 61.497778
754 48.158305 55.277698
755 79.062647 65.403898
756 69.301401 52.451639
757 75.804873 81.067030
758 49.363041 50.777968
759 76.235616 44.322523
760 40.078735 42.764766
761 61.110266 78.090834
762 62.578947 44.224210
763 58.556670 75.905673
764 43.167308 37.145841
765 38.589271 47.414698
766 57.923557 46.183790
767 69.057581 49.112568
768 38.428299 41.889231
769 42.245515 35.378048
770 51.593575 67.730459
771 44.064113 35.409352
772 59.353139 60.634937
773 44.665025 71.581190
774 36.868944 74.406925
775 54.663742 67.831450
776 38.783698 38.238314
777 58.552867 50.988392
778 65.510891 35.343146
779 77.882867 57.145801
780 44.305154 45.528338
781 61.029046 45.357336
782 56.938752 62.388990
783 60.751199 59.288913
784 48.761594 52.491122
785 62.778393 36.842319
786 75.043245 48.932123
787 38.267688 56.058128
788 67.062349 75.536838
789 71.624686 54.449827
790 51.892491 46.415617
791 46.349729 76.095276
792 65.081082 58.272067
793 76.225389 58.210547
794 74.270005 37.045285
795 64.322346 74.663910
796 79.307075 74.619015
797 69.979473 72.125328
798 77.962949 45.019510
799 66.445809 70.990606
800 47.766212 35.565859
801 74.409465 61.178030
802 74.670492 64.089407
803 61.118602 54.565662
804 75.004264 35.266231
805 70.484347 75.128639
806 35.259838 43.594721
807 56.796172 72.133323
808 68.130417 59.119478
809 72.332025 72.142698
810 69.748234 78.119078
811 64.500630 76.632434
812 60.554130 64.795542
813 35.441668 38.200675
814 41.708934 43.702415
815 80.782119 59.579739
816 70.480679 39.726156
817 35.277007 40.159659
818 65.687789 55.487157
819 80.930887 37.178484
820 40.532963 47.688417
821 41.869202 50.395546
822 45.688400 51.197068
823 53.644062 36.963221
824 61.140188 40.795048
825 48.405084 62.168365
826 65.008744 52.588084
827 59.713294 46.662414
828 68.210052 37.112051
829 54.664239 58.660270
830 74.109564 50.757856
831 55.232064 63.380667
832 62.667460 50.242448
833 35.287522 69.388647
834 53.085651 69.036663
835 76.105189 69.192514
836 35.157981 73.816835
837 38.661317 45.409806
838 46.514788 38.125632
839 54.869802 69.644773
840 63.738385 47.066961
841 43.728460 50.818298
842 69.670976 67.067635
843 36.952943 50.594355
844 77.305865 70.772476
845 64.745898 68.557014
846 75.750853 65.611681
847 42.175074 48.499791
848 68.673210 55.800685
849 35.263235 35.494748
850 49.180276 47.129864
851 80.746073 45.929691
852 77.700450 78.933068
853 78.979091 68.402332
854 81.119900 72.239353
855 43.819779 66.040159
856 59.748154 57.642715
857 45.923448 35.274344
858 47.920784 64.045515
859 38.887735 54.219867
860 44.947377 69.626005
861 53.008221 59.574559
862 67.748462 69.565500
863 80.724853 69.925157
864 35.127493 50.153526
865 57.351690 65.557775
866 42.459041 40.219112
867 35.423154 57.131559
868 37.102028 63.023564
869 50.583127 59.611533
870 52.758581 35.308716
871 68.247861 71.394790
872 55.497849 75.863070
873 66.927725 38.619634
874 58.260693 38.663991
875 40.176856 65.936959
876 38.072702 76.972385
877 73.936377 80.807480
878 67.370788 45.381489
879 45.092518 36.981131
880 37.010996 68.585314
881 72.607991 52.105793
882 58.087014 69.141501
883 35.367732 63.810143
884 43.946063 49.037775
885 43.270347 72.838973
886 79.139277 55.604183
887 55.859454 77.733794
888 49.778335 63.498908
889 73.096855 55.511399
890 71.104848 58.066268
891 51.080754 38.274687
892 38.606302 64.764749
893 36.991990 46.335241
894 62.995978 77.673009
895 72.003407 45.131048
896 70.845271 80.781453
897 51.269309 73.755222
898 46.931943 60.953367
899 44.326778 52.491305
900 55.707233 81.087160
901 43.522700 47.186205
902 61.538821 57.568075
903 73.776400 45.803544
904 76.982424 38.563978
905 52.597614 77.148347
906 46.090714 45.766097
907 43.578523 43.806948
908 68.694483 39.010173
909 43.398541 41.888505
910 53.126649 55.820032
911 46.229275 54.767965
912 60.343631 76.431715
913 54.801297 41.357197
914 80.959145 43.993635
915 68.013608 62.609902
916 55.704900 35.311872
917 40.827966 45.409978
918 62.629981 73.985395
919 56.556336 70.257242
920 72.349042 40.075587
921 61.774707 42.576971
922 67.659177 41.913103
923 80.710440 42.113363
924 47.968966 66.537971
925 55.012210 53.514159
926 73.426216 43.924730
927 64.431972 65.583748
928 72.726411 70.236097
929 56.363964 60.507389
930 79.754704 76.459409
931 44.499480 76.231885
932 52.177382 52.476740
933 79.186388 58.660674
934 66.381404 80.901790
935 60.258930 80.891783
936 35.274956 53.058471
937 48.409559 69.021807
938 77.713860 50.275570
939 65.667472 44.879571
940 56.752753 50.645497
941 80.853644 68.035586
942 56.188747 47.087574
943 78.035446 48.387829
944 77.656498 41.502905
945 80.922096 66.089922
946 68.746407 75.151153
947 44.490999 67.777080
948 61.590724 47.240993
949 49.543353 35.257379
950 36.880433 42.752093
951 42.028535 71.297881
952 42.882409 79.275243
953 35.376932 67.551271
954 44.976386 73.458253
955 45.229456 39.488881
956 72.195546 50.333437
957 78.566717 60.409921
958 73.618680 47.627947
959 43.450248 57.723923
960 37.005330 66.612127
961 64.660644 37.017233
962 66.089694 62.476827
963 56.847252 37.535863
964 35.329418 65.687554
965 65.440634 72.552205
966 46.422867 57.579993
967 52.704993 50.586697
968 53.470906 70.924208
969 35.443605 75.733024
970 48.734288 60.266861
971 59.193575 77.797230
972 63.380817 57.467932
973 36.934662 44.545855
974 74.307772 58.086339
975 62.267488 63.689445
976 35.301372 45.550778
977 53.711310 75.565007
978 57.692561 40.394585
979 48.788535 48.980816
980 35.573235 80.733069
981 81.005365 77.758771
982 52.027498 79.178486
983 46.045152 66.778072
984 62.827168 68.074368
985 46.466826 72.416107
986 53.808732 78.658787
987 71.916626 48.485356
988 47.477246 50.453197
989 35.395461 47.519215
990 59.276672 54.253420
991 59.669299 70.931145
992 73.635768 74.935954
993 54.025659 51.941103
994 58.576991 72.459647
995 37.524068 80.712736
996 40.372744 35.357841
997 38.420270 40.084037
998 53.983368 80.599615
999 79.082163 80.295984
bonds as bondId atomIdA, atomIdB
1 28 12
2 38 28
3 39 3
4 44 27
5 47 5
6 59 25
7 60 38
8 62 41
9 65 36
10 69 45
11 72 27
12 74 70
13 74 14
14 80 26
15 81 30
16 81 11
17 82 46
18 94 33
19 96 5
20 98 65
21 98 88
22 108 23
23 109 62
24 110 13
25 110 11
26 111 36
27 111 59
28 113 41
29 116 49
30 118 114
31 119 79
32 122 102
33 126 81
34 128 52
35 132 123
36 132 86
37 135 47
38 136 9
39 138 96
40 139 18
41 140 35
42 141 9
43 144 116
44 144 71
45 145 46
46 146 52
47 146 128
48 147 37
49 148 26
50 149 86
51 150 144
52 153 140
53 154 143
54 156 71
55 156 84
56 156 144
57 160 10
58 161 153
59 162 77
60 164 136
61 171 76
62 171 4
63 173 112
64 176 79
65 177 174
66 177 105
67 179 146
68 180 115
69 181 108
70 181 8
71 182 21
72 183 143
73 183 38
74 185 179
75 185 160
76 186 110
77 186 13
78 187 125
79 193 109
80 195 78
81 196 31
82 197 2
83 198 161
84 203 141
85 204 177
86 204 105
87 206 61
88 207 66
89 207 57
90 209 119
91 209 106
92 214 187
93 217 75
94 219 66
95 221 92
96 222 216
97 223 2
98 223 197
99 224 202
100 225 29
101 226 87
102 226 7
103 228 176
104 230 130
105 232 92
106 234 13
107 236 30
108 237 199
109 237 107
110 239 188
111 242 2
112 243 210
113 244 191
114 245 185
115 245 160
116 246 71
117 246 144
118 246 116
119 247 212
120 248 244
121 248 123
122 249 143
123 250 70
124 250 90
125 254 55
126 255 58
127 258 231
128 260 93
129 261 168
130 262 159
131 263 100
132 264 64
133 266 155
134 267 98
135 268 217
136 268 75
137 269 53
138 269 19
139 271 134
140 271 195
141 271 126
142 272 45
143 272 263
144 273 47
145 273 5
146 274 265
147 275 208
148 276 214
149 277 177
150 277 174
151 280 194
152 280 95
153 281 51
154 282 116
155 282 49
156 282 246
157 282 97
158 283 268
159 285 166
160 286 115
161 286 61
162 287 55
163 288 114
164 289 260
165 290 234
166 290 186
167 291 32
168 292 20
169 293 208
170 293 275
171 294 180
172 294 115
173 295 217
174 297 67
175 298 254
176 298 55
177 298 287
178 303 233
179 304 230
180 304 192
181 305 213
182 306 227
183 306 214
184 306 276
185 307 162
186 308 112
187 308 196
188 308 31
189 309 178
190 309 26
191 310 56
192 310 212
193 311 149
194 311 121
195 311 86
196 312 237
197 312 199
198 312 29
199 313 79
200 314 304
201 314 192
202 317 100
203 318 69
204 319 54
205 320 107
206 323 91
207 323 16
208 326 241
209 326 83
210 327 211
211 327 97
212 328 301
213 328 134
214 328 78
215 329 156
216 329 84
217 331 121
218 331 80
219 332 200
220 332 127
221 333 255
222 334 239
223 335 203
224 336 218
225 336 184
226 337 324
227 338 139
228 339 305
229 339 213
230 339 155
231 340 59
232 340 25
233 341 17
234 342 315
235 343 127
236 344 284
237 344 129
238 344 50
239 346 33
240 347 131
241 348 117
242 348 50
243 348 284
244 351 201
245 352 339
246 352 155
247 353 280
248 353 194
249 354 81
250 354 30
251 354 11
252 357 238
253 358 87
254 360 83
255 360 326
256 360 241
257 361 322
258 361 259
259 362 98
260 362 65
261 362 36
262 362 267
263 364 193
264 364 202
265 364 109
266 365 278
267 365 211
268 366 354
269 366 236
270 366 151
271 366 30
272 367 129
273 367 50
274 369 40
275 370 268
276 370 310
277 371 290
278 371 334
279 372 101
280 372 25
281 373 234
282 373 13
283 374 348
284 374 117
285 374 50
286 374 367
287 376 149
288 376 86
289 376 248
290 376 123
291 377 349
292 378 375
293 379 371
294 381 13
295 381 11
296 382 43
297 383 377
298 383 84
299 383 156
300 383 150
301 384 325
302 385 15
303 385 275
304 385 269
305 386 94
306 386 215
307 387 1
308 387 373
309 387 234
310 388 274
311 389 145
312 389 82
313 389 46
314 390 382
315 390 310
316 390 56
317 390 247
318 390 212
319 391 368
320 391 279
321 391 163
322 392 122
323 393 81
324 393 30
325 393 271
326 393 134
327 393 126
328 395 215
329 395 386
330 395 94
331 396 198
332 398 282
333 398 97
334 399 222
335 400 105
336 401 210
337 401 243
338 402 262
339 403 264
340 404 293
341 404 1
342 405 112
343 407 19
344 407 89
345 407 379
346 408 330
347 409 377
348 409 150
349 410 348
350 410 117
351 410 370
352 411 300
353 411 279
354 412 309
355 412 149
356 412 121
357 412 80
358 413 358
359 413 323
360 413 226
361 413 87
362 414 225
363 414 29
364 414 106
365 415 269
366 415 53
367 415 275
368 415 293
369 415 385
370 416 404
371 416 216
372 417 257
373 417 402
374 418 111
375 418 25
376 419 109
377 419 364
378 420 243
379 420 210
380 421 73
381 421 250
382 421 70
383 424 93
384 425 339
385 425 305
386 426 278
387 428 127
388 429 342
389 430 295
390 430 217
391 431 242
392 433 190
393 433 345
394 433 82
395 434 285
396 434 261
397 435 299
398 435 62
399 435 41
400 435 113
401 436 74
402 436 272
403 437 325
404 437 384
405 438 142
406 439 274
407 439 369
408 440 224
409 440 163
410 441 178
411 442 291
412 442 32
413 442 283
414 443 287
415 443 233
416 443 303
417 443 298
418 444 225
419 444 320
420 444 237
421 444 107
422 445 7
423 446 304
424 446 230
425 447 103
426 448 55
427 448 287
428 449 228
429 449 176
430 449 119
431 450 392
432 450 229
433 450 201
434 450 122
435 451 334
436 451 371
437 451 290
438 451 186
439 452 177
440 452 174
441 452 105
442 452 400
443 453 350
444 453 85
445 454 232
446 454 124
447 455 369
448 455 439
449 455 388
450 456 421
451 456 73
452 458 255
453 458 58
454 458 251
455 459 100
456 459 84
457 459 329
458 460 218
459 461 421
460 461 313
461 461 90
462 461 73
463 461 250
464 462 191
465 462 441
466 463 346
467 464 186
468 464 451
469 465 182
470 465 21
471 467 118
472 468 392
473 469 242
474 469 2
475 471 12
476 472 180
477 472 286
478 473 76
479 473 208
480 474 108
481 474 315
482 475 408
483 475 303
484 475 397
485 475 233
486 476 60
487 476 38
488 476 12
489 477 24
490 477 43
491 478 432
492 478 85
493 479 416
494 479 216
495 479 399
496 480 355
497 480 358
498 481 336
499 481 184
500 482 260
501 482 22
502 483 48
503 485 52
504 486 439
505 486 265
506 486 40
507 487 380
508 487 317
509 488 416
510 488 404
511 488 293
512 488 208
513 489 394
514 491 399
515 491 51
516 492 434
517 492 285
518 492 166
519 493 471
520 493 470
521 494 477
522 494 338
523 494 24
524 495 17
525 496 77
526 497 477
527 497 338
528 498 256
529 498 1
530 498 387
531 498 373
532 499 470
533 500 297
534 500 292
535 500 20
536 501 113
537 501 299
538 502 409
539 502 351
540 504 461
541 504 313
542 504 79
543 504 73
544 504 209
545 504 119
546 505 51
547 505 39
548 505 281
549 505 3
550 506 317
551 506 487
552 506 349
553 507 380
554 507 436
555 507 74
556 507 70
557 508 351
558 508 49
559 508 229
560 509 318
561 509 359
562 510 343
563 510 189
564 511 157
565 511 27
566 511 72
567 513 95
568 513 315
569 513 474
570 513 23
571 514 509
572 514 318
573 514 170
574 515 440
575 515 368
576 515 163
577 515 314
578 516 276
579 516 306
580 516 227
581 517 410
582 517 117
583 517 442
584 517 32
585 517 283
586 518 455
587 518 369
588 519 403
589 519 264
590 520 204
591 521 229
592 521 508
593 521 424
594 522 493
595 522 471
596 523 219
597 524 510
598 524 401
599 524 343
600 525 356
601 525 171
602 525 76
603 525 457
604 526 14
605 526 514
606 526 170
607 527 489
608 527 173
609 528 206
610 528 120
611 528 61
612 529 423
613 529 222
614 529 216
615 529 205
616 530 513
617 530 280
618 530 194
619 530 95
620 530 23
621 531 264
622 531 64
623 531 278
624 533 303
625 533 397
626 534 313
627 534 90
628 535 388
629 535 274
630 535 325
631 536 463
632 536 425
633 537 397
634 538 363
635 538 10
636 538 228
637 539 445
638 539 16
639 540 498
640 540 479
641 540 404
642 540 1
643 541 512
644 542 406
645 543 199
646 543 485
647 544 532
648 545 34
649 546 334
650 546 239
651 547 329
652 547 299
653 548 443
654 548 287
655 548 233
656 548 137
657 549 245
658 549 160
659 549 312
660 550 327
661 550 97
662 550 398
663 551 259
664 552 438
665 552 142
666 553 402
667 553 191
668 554 486
669 554 265
670 554 347
671 555 427
672 555 48
673 555 483
674 556 453
675 556 85
676 556 465
677 557 21
678 557 513
679 557 95
680 558 326
681 558 83
682 558 428
683 559 286
684 559 61
685 560 0
686 560 67
687 561 456
688 561 307
689 562 554
690 562 265
691 562 347
692 563 497
693 563 338
694 563 139
695 564 285
696 564 261
697 564 193
698 564 62
699 564 41
700 565 539
701 565 536
702 565 305
703 565 16
704 566 382
705 566 43
706 567 82
707 567 345
708 567 433
709 568 185
710 568 179
711 568 10
712 569 111
713 569 36
714 569 169
715 569 59
716 570 540
717 570 256
718 570 491
719 570 399
720 570 479
721 571 85
722 571 136
723 571 453
724 572 340
725 572 337
726 572 324
727 573 108
728 573 23
729 573 359
730 574 572
731 574 340
732 574 372
733 574 101
734 575 545
735 575 124
736 575 419
737 576 422
738 577 522
739 577 499
740 577 493
741 578 520
742 578 204
743 578 105
744 578 300
745 579 411
746 579 258
747 579 279
748 579 492
749 579 166
750 580 529
751 580 423
752 580 205
753 580 154
754 581 341
755 581 17
756 582 478
757 582 432
758 582 85
759 582 556
760 582 429
761 584 520
762 585 390
763 585 382
764 585 247
765 585 477
766 586 417
767 586 257
768 587 346
769 587 33
770 587 152
771 588 441
772 588 288
773 588 147
774 588 37
775 589 414
776 589 209
777 589 106
778 589 162
779 590 211
780 590 365
781 590 482
782 590 93
783 591 583
784 591 588
785 591 441
786 591 288
787 592 448
788 592 164
789 593 313
790 593 79
791 593 176
792 594 467
793 594 6
794 595 484
795 596 410
796 596 348
797 596 284
798 596 212
799 596 370
800 596 310
801 597 157
802 597 63
803 598 294
804 598 254
805 598 190
806 599 433
807 599 190
808 599 389
809 599 82
810 599 335
811 600 391
812 600 368
813 600 520
814 600 584
815 601 246
816 601 221
817 601 71
818 601 398
819 601 92
820 602 581
821 602 366
822 602 354
823 602 341
824 603 128
825 604 544
826 604 532
827 604 219
828 604 523
829 605 556
830 605 350
831 605 465
832 606 247
833 606 125
834 606 585
835 606 497
836 607 555
837 607 427
838 607 238
839 608 558
840 608 420
841 608 243
842 608 428
843 609 575
844 609 545
845 609 124
846 609 454
847 609 252
848 610 501
849 610 272
850 610 45
851 610 263
852 611 518
853 611 197
854 611 223
855 612 603
856 612 179
857 612 146
858 613 372
859 613 25
860 613 418
861 614 563
862 614 306
863 614 227
864 615 533
865 615 528
866 615 120
867 616 537
868 616 397
869 616 120
870 616 533
871 617 420
872 618 553
873 618 462
874 618 588
875 618 147
876 619 333
877 619 58
878 620 87
879 620 358
880 621 253
881 621 259
882 622 413
883 622 323
884 622 226
885 622 16
886 622 539
887 622 7
888 623 385
889 623 19
890 623 15
891 623 269
892 624 419
893 624 575
894 624 124
895 625 529
896 625 216
897 625 205
898 625 488
899 625 416
900 626 541
901 626 257
902 627 488
903 627 208
904 627 625
905 627 473
906 628 581
907 628 495
908 628 438
909 628 142
910 629 130
911 629 99
912 629 446
913 630 346
914 630 138
915 631 273
916 631 63
917 631 157
918 632 550
919 632 211
920 632 278
921 633 543
922 633 199
923 633 107
924 634 360
925 634 357
926 635 546
927 635 188
928 636 259
929 636 44
930 636 621
931 636 253
932 637 539
933 637 445
934 637 20
935 638 296
936 639 548
937 639 233
938 639 137
939 639 408
940 639 330
941 640 559
942 641 468
943 641 392
944 641 122
945 642 281
946 642 3
947 643 18
948 644 533
949 644 303
950 644 298
951 644 443
952 645 583
953 645 148
954 645 431
955 646 220
956 646 502
957 646 351
958 646 201
959 647 542
960 647 213
961 647 91
962 649 335
963 649 389
964 649 145
965 650 560
966 650 135
967 651 614
968 651 563
969 651 167
970 651 139
971 652 398
972 652 232
973 652 92
974 652 550
975 653 481
976 653 42
977 654 378
978 654 375
979 654 357
980 654 238
981 655 440
982 655 224
983 655 202
984 655 34
985 656 589
986 656 414
987 656 225
988 656 77
989 657 587
990 657 463
991 657 425
992 657 352
993 658 598
994 658 190
995 658 345
996 658 180
997 659 369
998 659 197
999 659 611
1000 659 518
1001 660 210
1002 660 617
1003 660 420
1004 661 406
1005 662 473
1006 662 76
1007 662 4
1008 662 627
1009 663 207
1010 663 66
1011 663 57
1012 663 322
1013 664 403
1014 664 264
1015 664 64
1016 664 252
1017 665 643
1018 665 651
1019 665 167
1020 665 139
1021 665 18
1022 666 604
1023 666 219
1024 666 66
1025 667 595
1026 667 484
1027 668 158
1028 668 612
1029 668 603
1030 669 476
1031 669 60
1032 669 319
1033 669 54
1034 670 368
1035 670 515
1036 670 314
1037 670 192
1038 671 380
1039 671 561
1040 672 494
1041 672 24
1042 672 617
1043 673 634
1044 673 607
1045 673 241
1046 673 357
1047 674 158
1048 674 405
1049 674 173
1050 675 102
1051 675 641
1052 676 72
1053 676 511
1054 676 157
1055 676 597
1056 677 458
1057 677 58
1058 678 536
1059 678 463
1060 678 292
1061 678 630
1062 679 131
1063 680 347
1064 680 679
1065 680 562
1066 681 387
1067 681 290
1068 681 53
1069 681 234
1070 682 571
1071 682 478
1072 682 164
1073 683 57
1074 683 460
1075 683 336
1076 683 184
1077 684 623
1078 684 270
1079 684 19
1080 684 89
1081 685 428
1082 685 332
1083 685 200
1084 685 127
1085 685 83
1086 686 454
1087 686 232
1088 686 92
1089 686 624
1090 686 124
1091 686 221
1092 687 652
1093 687 531
1094 687 64
1095 687 550
1096 688 423
1097 688 222
1098 689 405
1099 689 188
1100 690 99
1101 690 609
1102 690 545
1103 691 133
1104 692 474
1105 692 315
1106 693 601
1107 693 547
1108 693 329
1109 693 221
1110 693 71
1111 694 304
1112 694 192
1113 694 460
1114 694 218
1115 695 633
1116 695 320
1117 695 147
1118 695 37
1119 696 668
1120 696 158
1121 696 612
1122 697 514
1123 697 170
1124 697 104
1125 697 552
1126 698 54
1127 699 552
1128 699 697
1129 699 170
1130 699 534
1131 700 132
1132 700 311
1133 700 86
1134 702 615
1135 702 206
1136 702 115
1137 702 294
1138 703 200
1139 704 470
1140 704 638
1141 705 537
1142 705 442
1143 705 283
1144 705 75
1145 706 594
1146 706 469
1147 706 118
1148 707 692
1149 707 181
1150 707 8
1151 707 231
1152 708 654
1153 708 375
1154 708 140
1155 708 35
1156 709 705
1157 709 537
1158 709 295
1159 709 75
1160 710 702
1161 710 644
1162 710 598
1163 710 294
1164 710 254
1165 711 703
1166 711 360
1167 711 83
1168 711 685
1169 711 200
1170 712 447
1171 712 6
1172 713 323
1173 713 91
1174 713 16
1175 713 565
1176 713 305
1177 713 647
1178 713 213
1179 714 586
1180 714 417
1181 714 553
1182 714 402
1183 715 521
1184 715 450
1185 715 122
1186 715 102
1187 715 424
1188 716 620
1189 716 22
1190 717 472
1191 717 466
1192 717 559
1193 718 205
1194 718 662
1195 718 627
1196 719 701
1197 719 464
1198 719 546
1199 719 451
1200 719 334
1201 720 643
1202 720 617
1203 720 660
1204 721 438
1205 721 104
1206 722 80
1207 722 26
1208 722 331
1209 723 495
1210 723 142
1211 723 628
1212 724 428
1213 724 343
1214 724 127
1215 724 243
1216 724 401
1217 724 524
1218 725 426
1219 725 637
1220 725 445
1221 726 396
1222 726 198
1223 726 153
1224 726 140
1225 726 174
1226 727 723
1227 727 593
1228 728 458
1229 728 400
1230 728 251
1231 728 396
1232 728 452
1233 729 40
1234 729 712
1235 729 447
1236 729 486
1237 730 31
1238 730 308
1239 730 173
1240 730 527
1241 731 640
1242 731 466
1243 731 717
1244 731 559
1245 732 605
1246 732 301
1247 733 448
1248 733 203
1249 733 55
1250 734 654
1251 734 378
1252 734 357
1253 734 634
1254 734 544
1255 735 568
1256 735 696
1257 735 612
1258 735 179
1259 736 5
1260 736 386
1261 736 96
1262 737 284
1263 737 247
1264 737 212
1265 737 125
1266 738 608
1267 738 672
1268 739 725
1269 739 426
1270 739 445
1271 739 7
1272 740 472
1273 740 345
1274 740 180
1275 740 658
1276 741 567
1277 741 46
1278 741 418
1279 741 613
1280 742 700
1281 743 218
1282 743 172
1283 743 694
1284 743 230
1285 743 130
1286 744 326
1287 744 241
1288 744 68
1289 745 736
1290 745 273
1291 745 63
1292 745 386
1293 746 168
1294 746 261
1295 746 113
1296 746 41
1297 747 740
1298 747 717
1299 747 472
1300 747 88
1301 748 635
1302 748 546
1303 748 701
1304 749 696
1305 749 674
1306 749 158
1307 749 689
1308 749 405
1309 750 741
1310 750 145
1311 750 613
1312 751 626
1313 751 417
1314 751 257
1315 751 262
1316 752 503
1317 752 347
1318 752 131
1319 752 103
1320 752 447
1321 752 554
1322 753 677
1323 753 251
1324 754 453
1325 754 350
1326 754 595
1327 754 136
1328 754 9
1329 754 571
1330 755 424
1331 755 289
1332 755 260
1333 755 102
1334 756 671
1335 756 507
1336 756 380
1337 756 421
1338 756 70
1339 756 561
1340 756 456
1341 757 352
1342 757 155
1343 757 266
1344 758 328
1345 758 301
1346 758 732
1347 759 706
1348 759 288
1349 759 118
1350 759 114
1351 759 591
1352 759 583
1353 760 698
1354 760 691
1355 760 319
1356 760 133
1357 761 511
1358 761 42
1359 761 27
1360 762 538
1361 762 363
1362 762 568
1363 763 663
1364 763 57
1365 763 322
1366 764 183
1367 764 38
1368 764 28
1369 764 249
1370 765 324
1371 765 240
1372 765 574
1373 765 572
1374 766 719
1375 766 701
1376 766 464
1377 766 341
1378 767 456
1379 767 307
1380 767 162
1381 767 209
1382 767 504
1383 767 73
1384 767 589
1385 768 691
1386 768 638
1387 768 319
1388 768 760
1389 769 764
1390 769 28
1391 770 726
1392 770 140
1393 770 708
1394 770 375
1395 770 277
1396 770 174
1397 771 769
1398 771 764
1399 772 258
1400 772 231
1401 772 707
1402 772 8
1403 772 492
1404 772 434
1405 773 427
1406 773 430
1407 774 737
1408 774 344
1409 774 187
1410 774 125
1411 775 520
1412 775 277
1413 775 204
1414 775 584
1415 776 471
1416 776 470
1417 776 669
1418 776 476
1419 777 628
1420 777 581
1421 777 721
1422 777 353
1423 777 438
1424 778 541
1425 778 394
1426 778 512
1427 779 680
1428 779 384
1429 779 220
1430 779 562
1431 780 688
1432 780 39
1433 780 576
1434 781 762
1435 781 363
1436 781 701
1437 781 748
1438 782 411
1439 782 300
1440 782 258
1441 782 231
1442 782 333
1443 783 168
1444 783 8
1445 783 772
1446 783 434
1447 783 261
1448 784 732
1449 784 350
1450 784 484
1451 784 595
1452 784 758
1453 785 674
1454 785 668
1455 785 158
1456 785 489
1457 785 394
1458 786 712
1459 786 490
1460 786 594
1461 786 6
1462 787 65
1463 787 740
1464 787 345
1465 787 88
1466 788 650
1467 788 560
1468 788 135
1469 788 47
1470 788 5
1471 788 96
1472 789 671
1473 789 487
1474 789 380
1475 789 506
1476 789 503
1477 790 498
1478 790 256
1479 790 195
1480 790 271
1481 790 381
1482 790 373
1483 790 126
1484 791 744
1485 791 326
1486 791 68
1487 791 738
1488 791 558
1489 792 610
1490 792 501
1491 792 113
1492 792 69
1493 792 45
1494 792 746
1495 793 779
1496 793 680
1497 793 646
1498 793 220
1499 793 502
1500 794 553
1501 794 402
1502 794 248
1503 794 244
1504 794 159
1505 795 650
1506 795 135
1507 795 653
1508 795 172
1509 796 413
1510 796 358
1511 796 323
1512 796 91
1513 796 480
1514 796 355
1515 797 500
1516 797 297
1517 797 67
1518 797 519
1519 798 759
1520 798 706
1521 798 469
1522 798 431
1523 798 242
1524 798 583
1525 799 629
1526 799 99
1527 799 0
1528 800 235
1529 800 4
1530 800 171
1531 801 508
1532 801 351
1533 801 150
1534 801 116
1535 801 49
1536 801 502
1537 801 409
1538 802 508
1539 802 282
1540 802 49
1541 802 327
1542 802 97
1543 802 521
1544 803 697
1545 803 514
1546 803 509
1547 803 104
1548 803 359
1549 804 159
1550 804 794
1551 804 248
1552 804 123
1553 805 500
1554 805 297
1555 805 292
1556 805 630
1557 807 207
1558 807 523
1559 807 219
1560 808 459
1561 808 263
1562 808 610
1563 808 501
1564 808 547
1565 809 637
1566 809 20
1567 809 519
1568 809 500
1569 809 725
1570 810 630
1571 810 346
1572 810 138
1573 810 94
1574 810 33
1575 810 736
1576 811 631
1577 811 47
1578 811 653
1579 811 795
1580 811 135
1581 812 440
1582 812 224
1583 812 579
1584 812 279
1585 812 163
1586 812 166
1587 813 704
1588 813 499
1589 813 470
1590 814 760
1591 814 698
1592 814 576
1593 815 437
1594 815 468
1595 816 714
1596 816 586
1597 816 633
1598 816 543
1599 817 296
1600 817 813
1601 817 704
1602 817 638
1603 818 526
1604 818 436
1605 818 14
1606 818 272
1607 818 69
1608 818 45
1609 819 331
1610 819 311
1611 819 121
1612 819 742
1613 820 422
1614 820 765
1615 820 240
1616 820 574
1617 820 101
1618 821 613
1619 821 101
1620 821 750
1621 822 642
1622 822 484
1623 822 667
1624 823 623
1625 823 270
1626 823 15
1627 823 356
1628 823 175
1629 824 735
1630 824 689
1631 824 635
1632 824 749
1633 824 696
1634 825 753
1635 825 137
1636 826 526
1637 826 250
1638 826 14
1639 826 699
1640 826 170
1641 826 90
1642 827 766
1643 827 701
1644 827 17
1645 827 781
1646 827 495
1647 828 257
1648 828 541
1649 828 512
1650 828 626
1651 829 429
1652 829 342
1653 829 315
1654 829 619
1655 829 692
1656 830 712
1657 830 490
1658 830 447
1659 830 103
1660 831 400
1661 831 333
1662 831 255
1663 831 578
1664 831 782
1665 831 300
1666 832 727
1667 832 723
1668 832 699
1669 832 552
1670 832 142
1671 832 534
1672 833 367
1673 833 374
1674 834 770
1675 834 375
1676 834 775
1677 834 277
1678 835 739
1679 835 365
1680 835 590
1681 835 482
1682 835 22
1683 836 129
1684 836 774
1685 836 344
1686 837 240
1687 837 133
1688 837 691
1689 838 718
1690 838 235
1691 838 4
1692 838 662
1693 839 834
1694 839 523
1695 839 775
1696 840 538
1697 840 363
1698 840 727
1699 840 228
1700 840 176
1701 840 593
1702 841 821
1703 841 750
1704 841 822
1705 842 687
1706 842 454
1707 842 252
1708 842 232
1709 842 664
1710 842 64
1711 843 572
1712 843 340
1713 843 337
1714 843 59
1715 843 169
1716 843 569
1717 844 716
1718 844 22
1719 844 7
1720 844 835
1721 844 739
1722 844 226
1723 845 690
1724 845 629
1725 845 99
1726 845 34
1727 845 446
1728 845 545
1729 846 590
1730 846 327
1731 846 802
1732 846 521
1733 846 424
1734 846 93
1735 847 821
1736 847 101
1737 847 820
1738 848 507
1739 848 487
1740 848 436
1741 848 272
1742 848 317
1743 848 263
1744 849 577
1745 849 499
1746 850 570
1747 850 195
1748 850 491
1749 850 51
1750 850 78
1751 851 223
1752 851 431
1753 851 242
1754 852 647
1755 852 542
1756 852 213
1757 852 155
1758 852 339
1759 852 266
1760 853 716
1761 853 22
1762 853 482
1763 853 289
1764 853 260
1765 854 480
1766 854 620
1767 854 358
1768 855 709
1769 855 537
1770 855 397
1771 855 475
1772 855 408
1773 856 181
1774 856 108
1775 856 8
1776 856 573
1777 856 783
1778 857 800
1779 857 771
1780 857 235
1781 858 639
1782 858 137
1783 858 330
1784 858 825
1785 858 161
1786 859 787
1787 859 418
1788 859 111
1789 859 65
1790 859 36
1791 859 567
1792 860 773
1793 860 555
1794 860 427
1795 860 48
1796 860 430
1797 860 295
1798 861 829
1799 861 429
1800 861 432
1801 861 677
1802 861 619
1803 861 58
1804 862 799
1805 862 690
1806 862 252
1807 862 664
1808 863 716
1809 863 620
1810 864 169
1811 864 843
1812 864 337
1813 865 600
1814 865 391
1815 865 279
1816 865 578
1817 865 520
1818 865 300
1819 866 698
1820 866 154
1821 866 54
1822 866 183
1823 866 143
1824 866 60
1825 867 466
1826 867 267
1827 867 88
1828 868 559
1829 868 528
1830 868 61
1831 868 648
1832 869 682
1833 869 432
1834 869 753
1835 869 677
1836 870 175
1837 870 457
1838 870 356
1839 870 823
1840 871 403
1841 871 862
1842 871 799
1843 871 0
1844 871 797
1845 871 67
1846 872 666
1847 872 316
1848 872 663
1849 872 322
1850 873 603
1851 873 512
1852 873 128
1853 873 485
1854 873 828
1855 874 689
1856 874 405
1857 874 112
1858 874 89
1859 875 705
1860 875 616
1861 875 537
1862 875 442
1863 875 291
1864 876 614
1865 876 563
1866 876 214
1867 876 606
1868 876 187
1869 876 125
1870 877 757
1871 877 152
1872 877 657
1873 877 352
1874 878 449
1875 878 106
1876 878 549
1877 878 414
1878 878 29
1879 879 838
1880 879 249
1881 879 235
1882 879 771
1883 879 764
1884 879 857
1885 880 517
1886 880 374
1887 880 117
1888 880 833
1889 880 32
1890 881 503
1891 881 103
1892 881 671
1893 882 670
1894 882 584
1895 882 302
1896 882 600
1897 882 368
1898 883 640
1899 883 868
1900 883 648
1901 884 847
1902 884 841
1903 884 642
1904 884 3
1905 885 566
1906 885 382
1907 885 56
1908 885 773
1909 886 562
1910 886 274
1911 886 265
1912 886 779
1913 886 384
1914 886 535
1915 887 551
1916 887 316
1917 887 872
1918 887 361
1919 887 322
1920 887 259
1921 888 825
1922 888 251
1923 888 858
1924 888 396
1925 888 198
1926 889 503
1927 889 131
1928 889 789
1929 889 506
1930 889 679
1931 889 349
1932 890 506
1933 890 459
1934 890 317
1935 890 84
1936 890 377
1937 891 525
1938 891 473
1939 891 356
1940 891 275
1941 891 385
1942 891 15
1943 892 648
1944 892 291
1945 892 528
1946 892 120
1947 892 875
1948 893 837
1949 893 765
1950 893 324
1951 894 761
1952 894 511
1953 894 42
1954 894 653
1955 894 811
1956 894 631
1957 895 656
1958 895 444
1959 895 320
1960 895 496
1961 896 395
1962 896 94
1963 896 33
1964 896 587
1965 896 152
1966 897 711
1967 897 703
1968 897 634
1969 897 734
1970 897 544
1971 897 532
1972 898 548
1973 898 592
1974 898 448
1975 898 825
1976 899 667
1977 899 649
1978 899 841
1979 899 750
1980 899 145
1981 899 822
1982 900 551
1983 900 621
1984 901 422
1985 901 884
1986 901 847
1987 901 780
1988 901 39
1989 902 783
1990 902 359
1991 902 168
1992 902 856
1993 902 509
1994 903 467
1995 903 118
1996 903 114
1997 903 895
1998 904 412
1999 904 376
2000 904 149
2001 904 462
2002 904 244
2003 904 178
2004 905 316
2005 905 703
2006 905 332
2007 905 200
2008 906 780
2009 906 688
2010 906 505
2011 906 491
2012 906 399
2013 906 39
2014 907 814
2015 907 576
2016 907 423
2017 907 780
2018 907 688
2019 908 828
2020 908 816
2021 908 586
2022 908 873
2023 908 485
2024 908 543
2025 909 907
2026 909 866
2027 909 698
2028 909 154
2029 909 580
2030 909 423
2031 910 557
2032 910 21
2033 910 556
2034 910 582
2035 910 342
2036 911 667
2037 911 649
2038 911 595
2039 911 141
2040 911 9
2041 911 754
2042 912 761
2043 912 42
2044 912 763
2045 912 481
2046 912 184
2047 913 681
2048 913 407
2049 913 371
2050 913 269
2051 913 53
2052 913 19
2053 913 379
2054 914 645
2055 914 431
2056 914 851
2057 915 624
2058 915 693
2059 915 547
2060 915 221
2061 916 175
2062 916 270
2063 916 196
2064 917 576
2065 917 422
2066 917 240
2067 917 133
2068 917 814
2069 918 743
2070 918 653
2071 918 481
2072 918 336
2073 918 218
2074 918 172
2075 918 795
2076 919 882
2077 919 584
2078 919 302
2079 919 839
2080 919 523
2081 919 807
2082 920 147
2083 920 816
2084 920 714
2085 920 695
2086 920 618
2087 920 553
2088 921 824
2089 921 748
2090 921 735
2091 921 568
2092 921 635
2093 921 762
2094 922 549
2095 922 485
2096 922 245
2097 922 52
2098 922 543
2099 922 312
2100 922 199
2101 923 914
2102 923 722
2103 923 645
2104 923 148
2105 924 483
2106 924 330
2107 924 161
2108 924 153
2109 924 35
2110 925 557
2111 925 182
2112 925 21
2113 925 280
2114 925 95
2115 926 288
2116 926 37
2117 926 320
2118 926 895
2119 926 903
2120 926 114
2121 927 575
2122 927 545
2123 927 364
2124 927 655
2125 927 202
2126 927 34
2127 928 725
2128 928 426
2129 928 278
2130 928 531
2131 928 519
2132 928 809
2133 929 782
2134 929 231
2135 929 619
2136 929 333
2137 929 707
2138 929 692
2139 930 647
2140 930 796
2141 930 91
2142 930 355
2143 931 738
2144 931 566
2145 931 672
2146 931 24
2147 931 791
2148 931 68
2149 932 182
2150 932 732
2151 932 605
2152 933 779
2153 933 384
2154 933 220
2155 933 815
2156 933 437
2157 934 597
2158 934 215
2159 934 745
2160 934 63
2161 935 72
2162 935 253
2163 935 27
2164 936 169
2165 936 569
2166 936 362
2167 937 708
2168 937 238
2169 937 483
2170 937 555
2171 937 35
2172 938 729
2173 938 659
2174 938 40
2175 938 6
2176 938 712
2177 939 878
2178 939 228
2179 939 538
2180 939 549
2181 939 160
2182 939 10
2183 940 777
2184 940 602
2185 940 366
2186 940 151
2187 940 353
2188 941 289
2189 941 853
2190 941 863
2191 942 766
2192 942 464
2193 942 341
2194 942 110
2195 942 11
2196 942 354
2197 942 602
2198 943 938
2199 943 659
2200 943 197
2201 943 594
2202 943 469
2203 944 591
2204 944 583
2205 944 178
2206 944 148
2207 944 441
2208 944 309
2209 945 941
2210 945 675
2211 945 755
2212 945 289
2213 946 805
2214 946 297
2215 946 788
2216 946 560
2217 946 138
2218 946 96
2219 947 855
2220 947 709
2221 947 295
2222 947 860
2223 947 48
2224 948 781
2225 948 363
2226 948 827
2227 948 727
2228 948 723
2229 948 495
2230 949 457
2231 949 800
2232 949 525
2233 949 171
2234 950 768
2235 950 691
2236 950 638
2237 950 806
2238 950 296
2239 951 430
2240 951 370
2241 951 268
2242 951 217
2243 951 885
2244 951 310
2245 951 56
2246 952 672
2247 952 494
2248 952 18
2249 952 720
2250 952 643
2251 952 617
2252 953 833
2253 953 880
2254 954 744
2255 954 68
2256 954 885
2257 954 566
2258 954 773
2259 955 838
2260 955 718
2261 955 249
2262 955 143
2263 955 154
2264 955 580
2265 956 830
2266 956 490
2267 956 561
2268 956 307
2269 956 881
2270 957 450
2271 957 392
2272 957 201
2273 957 933
2274 957 646
2275 958 903
2276 958 496
2277 958 467
2278 958 786
2279 958 490
2280 959 599
2281 959 598
2282 959 254
2283 959 190
2284 959 733
2285 959 203
2286 960 648
2287 960 291
2288 960 32
2289 960 953
2290 960 880
2291 961 603
2292 961 512
2293 961 394
2294 961 785
2295 961 668
2296 961 778
2297 962 915
2298 962 624
2299 962 435
2300 962 419
2301 962 299
2302 962 109
2303 963 874
2304 963 308
2305 963 89
2306 963 684
2307 963 270
2308 963 196
2309 964 953
2310 964 883
2311 964 960
2312 964 648
2313 965 650
2314 965 172
2315 965 799
2316 965 130
2317 966 733
2318 966 592
2319 966 164
2320 966 141
2321 966 136
2322 966 9
2323 967 393
2324 967 236
2325 967 301
2326 967 134
2327 967 932
2328 968 839
2329 968 834
2330 968 523
2331 968 378
2332 968 604
2333 968 544
2334 969 836
2335 969 276
2336 969 774
2337 969 187
2338 969 214
2339 970 825
2340 970 753
2341 970 592
2342 970 898
2343 970 869
2344 970 682
2345 971 636
2346 971 361
2347 971 44
2348 971 763
2349 971 912
2350 971 761
2351 972 902
2352 972 746
2353 972 509
2354 972 318
2355 972 792
2356 972 69
2357 973 893
2358 973 837
2359 973 806
2360 973 950
2361 973 691
2362 974 679
2363 974 502
2364 974 409
2365 974 377
2366 974 349
2367 974 793
2368 975 364
2369 975 285
2370 975 193
2371 975 166
2372 975 224
2373 975 202
2374 976 806
2375 976 973
2376 976 893
2377 977 872
2378 977 666
2379 977 532
2380 977 703
2381 977 905
2382 977 316
2383 978 379
2384 978 239
2385 978 188
2386 978 407
2387 978 874
2388 978 89
2389 979 758
2390 979 328
2391 979 78
2392 979 51
2393 979 281
2394 979 850
2395 980 516
2396 981 406
2397 981 930
2398 981 542
2399 982 343
2400 982 332
2401 982 510
2402 982 189
2403 983 947
2404 983 924
2405 983 483
2406 983 408
2407 983 330
2408 983 48
2409 984 655
2410 984 34
2411 984 446
2412 984 314
2413 984 845
2414 985 954
2415 985 744
2416 985 773
2417 985 427
2418 985 673
2419 986 905
2420 986 551
2421 986 316
2422 986 982
2423 987 307
2424 987 162
2425 987 77
2426 987 958
2427 987 496
2428 987 956
2429 987 490
2430 988 822
2431 988 484
2432 988 281
2433 988 979
2434 988 758
2435 989 976
2436 989 893
2437 989 324
2438 989 337
2439 990 721
2440 990 573
2441 990 530
2442 990 194
2443 990 803
2444 991 670
2445 991 302
2446 991 694
2447 991 192
2448 991 460
2449 992 637
2450 992 565
2451 992 539
2452 992 292
2453 992 678
2454 992 536
2455 993 967
2456 993 236
2457 993 151
2458 993 932
2459 993 925
2460 993 182
2461 994 807
2462 994 683
2463 994 207
2464 994 991
2465 994 302
2466 994 460
2467 995 167
2468 995 980
2469 995 651
2470 995 227
2471 996 769
2472 996 522
2473 996 471
2474 996 12
2475 997 768
2476 997 638
2477 997 319
2478 997 776
2479 997 704
2480 997 669
2481 998 900
2482 998 189
2483 998 986
2484 998 551
2485 999 266
2486 999 852
2487 999 542
2488 999 661
top group node ids
661 999 266 757 877 152 896 395 215 934 597 676 72 935 253 621 900 998 189 510 524 401 210 660 720 643 665 167 995 980
bottom group node ids
751 262 159 804 123 132 700 742 849 577 522 996 769 771 857 800 949 457 870 175 916 196 31 730 527 489 394 778 541 626
Begin cutting
